0.000000 0.186403 0.377714 0.546435 0.695146 0.819148 0.914355 0.977588 1.006744 1.000894 0.960329 0.886557 0.782254 0.651172 0.498014 0.328259 
0.193710 0.373312 0.543691 0.693558 0.818472 0.914440 0.978310 1.007981 1.002518 0.962199 0.888521 0.784151 0.652836 0.499275 0.328956 0.147963 
0.377714 0.543691 0.692681 0.817707 0.914068 0.978388 1.008483 1.003373 0.963313 0.889779 0.785423 0.653982 0.500148 0.329406 0.147847 -0.038048 
0.546435 0.693558 0.817707 0.913845 0.978263 1.008582 1.003724 0.963882 0.890497 0.786198 0.654703 0.500690 0.329638 0.147631 -0.038850 -0.223152 
0.695146 0.818472 0.914068 0.978263 1.008575 1.003819 0.964114 0.890848 0.786614 0.655105 0.500983 0.329709 0.147360 -0.039592 -0.224499 -0.400771 
0.819148 0.914440 0.978388 1.008582 1.003819 0.964170 0.890980 0.786801 0.655298 0.501110 0.329684 0.147080 -0.040238 -0.225632 -0.402521 -0.564606 
0.914355 0.978310 1.008483 1.003724 0.964114 0.890980 0.786851 0.655369 0.501150 0.329625 0.146839 -0.040756 -0.226532 -0.403916 -0.566619 -0.708855 
0.977588 1.007981 1.003373 0.963882 0.890848 0.786801 0.655369 0.501157 0.329581 0.146675 -0.041120 -0.227185 -0.404956 -0.568152 -0.710996 -0.828415 
1.006744 1.002518 0.963313 0.890497 0.786614 0.655298 0.501150 0.329581 0.146617 -0.041308 -0.227582 -0.405646 -0.569226 -0.712552 -0.830558 -0.919063 
1.000894 0.962199 0.889779 0.786198 0.655105 0.501110 0.329625 0.146675 -0.041308 -0.227714 -0.405990 -0.569862 -0.713563 -0.832033 -0.921094 -0.977601 
0.960329 0.888521 0.785423 0.654703 0.500983 0.329684 0.146839 -0.041120 -0.227582 -0.405990 -0.570072 -0.714061 -0.832894 -0.922395 -0.979420 -1.001966 
0.886557 0.784151 0.653982 0.500690 0.329709 0.147080 -0.040756 -0.227185 -0.405646 -0.569862 -0.714061 -0.833177 -0.923029 -0.980469 -1.003492 -0.991307 
0.782254 0.652836 0.500148 0.329638 0.147360 -0.040238 -0.226532 -0.404956 -0.569226 -0.713563 -0.832894 -0.923029 -0.980812 -1.004228 -0.992480 -0.946016 
0.651172 0.499275 0.329406 0.147631 -0.039592 -0.225632 -0.403916 -0.568152 -0.712552 -0.832033 -0.922395 -0.980469 -1.004228 -0.992859 -0.946799 -0.867713 
0.498014 0.328956 0.147847 -0.038850 -0.224499 -0.402521 -0.566619 -0.710996 -0.830558 -0.921094 -0.979420 -1.003492 -0.992480 -0.946799 -0.868095 -0.759195 
0.328259 0.147963 -0.038048 -0.223152 -0.400771 -0.564606 -0.708855 -0.828415 -0.919063 -0.977601 -1.001966 -0.991307 -0.946016 -0.867713 -0.759195 -0.624341 
