0.000000 0.093613 0.189558 0.281463 0.370634 0.456414 0.538110 0.615037 0.686541 0.752007 0.810869 0.862617 0.906802 0.943041 0.971018 0.990491 1.001292 1.003329 0.996586 0.981126 0.957086 0.924682 0.884199 0.835996 0.780501 0.718202 0.649652 0.575455 0.496267 0.412787 0.325753 0.235933 
0.095437 0.188412 0.280661 0.370039 0.455958 0.537759 0.614771 0.686346 0.751875 0.810794 0.862594 0.906826 0.943108 0.971124 0.990632 1.001465 1.003529 0.996809 0.981367 0.957341 0.924944 0.884465 0.836261 0.780758 0.718447 0.649878 0.575657 0.496439 0.412924 0.325849 0.235983 0.144120 
0.189558 0.280661 0.369758 0.455634 0.537461 0.614517 0.686142 0.751720 0.810686 0.862530 0.906805 0.943126 0.971178 0.990720 1.001582 1.003673 0.996976 0.981552 0.957541 0.925155 0.884681 0.836478 0.780971 0.718650 0.650067 0.575826 0.496583 0.413038 0.325927 0.236021 0.144112 0.051013 
0.281463 0.370039 0.455634 0.537340 0.614357 0.685983 0.751580 0.810573 0.862449 0.906756 0.943109 0.971194 0.990765 1.001655 1.003770 0.997095 0.981690 0.957694 0.925319 0.884853 0.836652 0.781143 0.718817 0.650222 0.575966 0.496702 0.413130 0.325989 0.236046 0.144096 0.050951 -0.042567 
0.370634 0.455958 0.537461 0.614357 0.685921 0.751495 0.810487 0.862374 0.906700 0.943075 0.971183 0.990779 1.001692 1.003830 0.997175 0.981788 0.957806 0.925443 0.884985 0.836788 0.781280 0.718950 0.650347 0.576078 0.496797 0.413203 0.326034 0.236060 0.144073 0.050886 -0.042678 -0.135794 
0.456414 0.537759 0.614517 0.685983 0.751495 0.810454 0.862329 0.906655 0.943040 0.971162 0.990775 1.001706 1.003862 0.997224 0.981853 0.957885 0.925533 0.885083 0.836892 0.781386 0.719053 0.650445 0.576165 0.496870 0.413258 0.326066 0.236063 0.144044 0.050820 -0.042787 -0.135950 -0.227846 
0.538110 0.614771 0.686142 0.751580 0.810487 0.862329 0.906639 0.943018 0.971143 0.990764 1.001707 1.003875 0.997251 0.981893 0.957937 0.925596 0.885154 0.836968 0.781464 0.719131 0.650519 0.576232 0.496925 0.413297 0.326085 0.236058 0.144010 0.050753 -0.042892 -0.136098 -0.228041 -0.317911 
0.615037 0.686346 0.751720 0.810573 0.862374 0.906655 0.943018 0.971136 0.990756 1.001703 1.003879 0.997264 0.981915 0.957969 0.925636 0.885202 0.837022 0.781521 0.719189 0.650574 0.576281 0.496964 0.413323 0.326095 0.236047 0.143974 0.050686 -0.042992 -0.136236 -0.228223 -0.318141 -0.405195 
0.686541 0.751875 0.810686 0.862449 0.906700 0.943040 0.971143 0.990756 1.001701 1.003879 0.997268 0.981926 0.957987 0.925661 0.885233 0.837058 0.781560 0.719229 0.650612 0.576315 0.496991 0.413339 0.326096 0.236030 0.143935 0.050622 -0.043087 -0.136365 -0.228391 -0.318352 -0.405455 -0.488930 
0.752007 0.810794 0.862530 0.906756 0.943075 0.971162 0.990764 1.001703 1.003879 0.997269 0.981931 0.957996 0.925675 0.885251 0.837080 0.781586 0.719255 0.650638 0.576337 0.497007 0.413347 0.326092 0.236010 0.143896 0.050561 -0.043175 -0.136484 -0.228544 -0.318544 -0.405691 -0.489214 -0.568377 
0.810869 0.862594 0.906805 0.943109 0.971183 0.990775 1.001707 1.003879 0.997268 0.981931 0.957999 0.925681 0.885261 0.837093 0.781601 0.719272 0.650654 0.576351 0.497017 0.413349 0.326084 0.235989 0.143859 0.050504 -0.043255 -0.136591 -0.228682 -0.318717 -0.405903 -0.489470 -0.568681 -0.642837 
0.862617 0.906826 0.943126 0.971194 0.990779 1.001706 1.003875 0.997264 0.981926 0.957996 0.925681 0.885264 0.837099 0.781609 0.719281 0.650664 0.576359 0.497021 0.413347 0.326074 0.235969 0.143824 0.050452 -0.043327 -0.136686 -0.228805 -0.318871 -0.406092 -0.489697 -0.568952 -0.643156 -0.711654 
0.906802 0.943108 0.971178 0.990765 1.001692 1.003862 0.997251 0.981915 0.957987 0.925675 0.885261 0.837099 0.781612 0.719286 0.650668 0.576363 0.497023 0.413344 0.326064 0.235950 0.143794 0.050407 -0.043389 -0.136770 -0.228912 -0.319006 -0.406257 -0.489898 -0.569191 -0.643438 -0.711983 -0.774223 
0.943041 0.971124 0.990720 1.001655 1.003830 0.997224 0.981893 0.957969 0.925661 0.885251 0.837093 0.781609 0.719286 0.650670 0.576365 0.497023 0.413342 0.326056 0.235935 0.143769 0.050370 -0.043442 -0.136840 -0.229003 -0.319121 -0.406400 -0.490071 -0.569399 -0.643684 -0.712272 -0.774557 -0.829991 
0.971018 0.990632 1.001582 1.003770 0.997175 0.981853 0.957937 0.925636 0.885233 0.837080 0.781601 0.719281 0.650668 0.576365 0.497023 0.413340 0.326051 0.235924 0.143750 0.050341 -0.043483 -0.136897 -0.229078 -0.319217 -0.406520 -0.490219 -0.569577 -0.643896 -0.712521 -0.774848 -0.830327 -0.878469 
0.990491 1.001465 1.003673 0.997095 0.981788 0.957885 0.925596 0.885202 0.837058 0.781586 0.719272 0.650664 0.576363 0.497023 0.413340 0.326049 0.235918 0.143739 0.050321 -0.043513 -0.136940 -0.229137 -0.319294 -0.406618 -0.490341 -0.569726 -0.644075 -0.712734 -0.775097 -0.830617 -0.878803 -0.919230 
1.001292 1.003529 0.996976 0.981690 0.957806 0.925533 0.885154 0.837022 0.781560 0.719255 0.650654 0.576359 0.497023 0.413342 0.326051 0.235918 0.143735 0.050311 -0.043532 -0.136969 -0.229179 -0.319352 -0.406694 -0.490438 -0.569847 -0.644222 -0.712910 -0.775307 -0.830862 -0.879087 -0.919557 -0.951916 
1.003329 0.996809 0.981552 0.957694 0.925443 0.885083 0.836968 0.781521 0.719229 0.650638 0.576351 0.497021 0.413344 0.326056 0.235924 0.143739 0.050311 -0.043538 -0.136983 -0.229204 -0.319390 -0.406748 -0.490510 -0.569940 -0.644339 -0.713053 -0.775478 -0.831065 -0.879325 -0.919833 -0.952232 -0.976237 
0.996586 0.981367 0.957541 0.925319 0.884985 0.836892 0.781464 0.719189 0.650612 0.576337 0.497017 0.413347 0.326064 0.235935 0.143750 0.050321 -0.043532 -0.136983 -0.229213 -0.319409 -0.406780 -0.490558 -0.570006 -0.644425 -0.713162 -0.775613 -0.831228 -0.879519 -0.920060 -0.952496 -0.976540 -0.991982 
0.981126 0.957341 0.925155 0.884853 0.836788 0.781386 0.719131 0.650574 0.576315 0.497007 0.413349 0.326074 0.235950 0.143769 0.050341 -0.043513 -0.136969 -0.229204 -0.319409 -0.406791 -0.490582 -0.570045 -0.644482 -0.713240 -0.775713 -0.831353 -0.879671 -0.920242 -0.952710 -0.976789 -0.992268 -0.999011 
0.957086 0.924944 0.884681 0.836652 0.781280 0.719053 0.650519 0.576281 0.496991 0.413347 0.326084 0.235969 0.143794 0.050370 -0.043483 -0.136940 -0.229179 -0.319390 -0.406780 -0.490582 -0.570058 -0.644511 -0.713286 -0.775779 -0.831441 -0.879784 -0.920381 -0.952878 -0.976988 -0.992500 -0.999278 -0.997262 
0.924682 0.884465 0.836478 0.781143 0.718950 0.650445 0.576232 0.496964 0.413339 0.326092 0.235989 0.143824 0.050407 -0.043442 -0.136897 -0.229137 -0.319352 -0.406748 -0.490558 -0.570045 -0.644511 -0.713301 -0.775812 -0.831494 -0.879858 -0.920479 -0.953001 -0.977139 -0.992680 -0.999490 -0.997508 -0.986753 
0.884199 0.836261 0.780971 0.718817 0.650347 0.576165 0.496925 0.413323 0.326096 0.236010 0.143859 0.050452 -0.043389 -0.136840 -0.229078 -0.319294 -0.406694 -0.490510 -0.570006 -0.644482 -0.713286 -0.775812 -0.831511 -0.879895 -0.920537 -0.953083 -0.977245 -0.992813 -0.999650 -0.997698 -0.986974 -0.967574 
0.835996 0.780758 0.718650 0.650222 0.576078 0.496870 0.413297 0.326095 0.236030 0.143896 0.050504 -0.043327 -0.136770 -0.229003 -0.319217 -0.406618 -0.490438 -0.569940 -0.644425 -0.713240 -0.775779 -0.831494 -0.879895 -0.920557 -0.953123 -0.977308 -0.992900 -0.999763 -0.997837 -0.987142 -0.967771 -0.939897 
0.780501 0.718447 0.650067 0.575966 0.496797 0.413258 0.326085 0.236047 0.143935 0.050561 -0.043255 -0.136686 -0.228912 -0.319121 -0.406520 -0.490341 -0.569847 -0.644339 -0.713162 -0.775713 -0.831441 -0.879858 -0.920537 -0.953123 -0.977329 -0.992943 -0.999830 -0.997929 -0.987259 -0.967914 -0.940067 -0.903964 
0.718202 0.649878 0.575826 0.496702 0.413203 0.326066 0.236058 0.143974 0.050622 -0.043175 -0.136591 -0.228805 -0.319006 -0.406400 -0.490219 -0.569726 -0.644222 -0.713053 -0.775613 -0.831353 -0.879784 -0.920479 -0.953083 -0.977308 -0.992943 -0.999852 -0.997974 -0.987328 -0.968007 -0.940185 -0.904107 -0.860093 
0.649652 0.575657 0.496583 0.413130 0.326034 0.236063 0.144010 0.050686 -0.043087 -0.136484 -0.228682 -0.318871 -0.406257 -0.490071 -0.569577 -0.644075 -0.712910 -0.775478 -0.831228 -0.879671 -0.920381 -0.953001 -0.977245 -0.992900 -0.999830 -0.997974 -0.987350 -0.968054 -0.940255 -0.904201 -0.860209 -0.808671 
0.575455 0.496439 0.413038 0.325989 0.236060 0.144044 0.050753 -0.042992 -0.136365 -0.228544 -0.318717 -0.406092 -0.489898 -0.569399 -0.643896 -0.712734 -0.775307 -0.831065 -0.879519 -0.920242 -0.952878 -0.977139 -0.992813 -0.999763 -0.997929 -0.987328 -0.968054 -0.940278 -0.904247 -0.860278 -0.808761 -0.750151 
0.496267 0.412924 0.325927 0.236046 0.144073 0.050820 -0.042892 -0.136236 -0.228391 -0.318544 -0.405903 -0.489697 -0.569191 -0.643684 -0.712521 -0.775097 -0.830862 -0.879325 -0.920060 -0.952710 -0.976988 -0.992680 -0.999650 -0.997837 -0.987259 -0.968007 -0.940255 -0.904247 -0.860300 -0.808805 -0.750216 -0.685050 
0.412787 0.325849 0.236021 0.144096 0.050886 -0.042787 -0.136098 -0.228223 -0.318352 -0.405691 -0.489470 -0.568952 -0.643438 -0.712272 -0.774848 -0.830617 -0.879087 -0.919833 -0.952496 -0.976789 -0.992500 -0.999490 -0.997698 -0.987142 -0.967914 -0.940185 -0.904201 -0.860278 -0.808805 -0.750237 -0.685091 -0.613942 
0.325753 0.235983 0.144112 0.050951 -0.042678 -0.135950 -0.228041 -0.318141 -0.405455 -0.489214 -0.568681 -0.643156 -0.711983 -0.774557 -0.830327 -0.878803 -0.919557 -0.952232 -0.976540 -0.992268 -0.999278 -0.997508 -0.986974 -0.967771 -0.940067 -0.904107 -0.860209 -0.808761 -0.750216 -0.685091 -0.613961 -0.537456 
0.235933 0.144120 0.051013 -0.042567 -0.135794 -0.227846 -0.317911 -0.405195 -0.488930 -0.568377 -0.642837 -0.711654 -0.774223 -0.829991 -0.878469 -0.919230 -0.951916 -0.976237 -0.991982 -0.999011 -0.997262 -0.986753 -0.967574 -0.939897 -0.903964 -0.860093 -0.808671 -0.750151 -0.685050 -0.613942 -0.537456 -0.456266 
