0.000000 0.023435 0.047068 0.070526 0.093926 0.117265 0.140533 0.163720 0.186813 0.209801 0.232672 0.255414 0.278015 0.300462 0.322743 0.344846 0.366760 0.388471 0.409969 0.431241 0.452276 0.473063 0.493589 0.513845 0.533818 0.553497 0.572873 0.591934 0.610670 0.629070 0.647125 0.664825 0.682159 0.699119 0.715695 0.731878 0.747659 0.763030 0.777981 0.792505 0.806594 0.820241 0.833436 0.846175 0.858448 0.870250 0.881574 0.892415 0.902765 0.912619 0.921973 0.930820 0.939156 0.946976 0.954277 0.961053 0.967302 0.973019 0.978203 0.982849 0.986955 0.990520 0.993541 0.996016 0.997945 0.999325 1.000157 1.000440 1.000173 0.999357 0.997993 0.996080 0.993621 0.990616 0.987068 0.982977 0.978347 0.973179 0.967477 0.961244 0.954484 0.947199 0.939394 0.931074 0.922242 0.912904 0.903065 0.892731 0.881906 0.870597 0.858810 0.846551 0.833828 0.820648 0.807016 0.792942 0.778433 0.763496 0.748140 0.732374 0.716205 0.699644 0.682698 0.665378 0.647693 0.629652 0.611266 0.592545 0.573498 0.554137 0.534471 0.514513 0.494272 0.473760 0.452988 0.431968 0.410711 0.389229 0.367533 0.345636 0.323549 0.301285 0.278856 0.256274 0.233552 0.210702 0.187737 0.164669 
0.023550 0.046996 0.070474 0.093887 0.117233 0.140507 0.163697 0.186793 0.209783 0.232656 0.255400 0.278002 0.300450 0.322732 0.344836 0.366750 0.388462 0.409960 0.431233 0.452269 0.473056 0.493583 0.513839 0.533812 0.553492 0.572868 0.591930 0.610666 0.629067 0.647122 0.664822 0.682157 0.699117 0.715693 0.731876 0.747657 0.763028 0.777980 0.792504 0.806593 0.820240 0.833436 0.846174 0.858448 0.870250 0.881575 0.892415 0.902765 0.912620 0.921974 0.930821 0.939157 0.946978 0.954278 0.961055 0.967304 0.973021 0.978205 0.982851 0.986958 0.990523 0.993544 0.996019 0.997948 0.999328 1.000160 1.000443 1.000176 0.999361 0.997996 0.996084 0.993625 0.990620 0.987071 0.982981 0.978351 0.973183 0.967481 0.961249 0.954488 0.947203 0.939399 0.931078 0.922247 0.912909 0.903070 0.892735 0.881910 0.870601 0.858814 0.846556 0.833833 0.820652 0.807021 0.792946 0.778437 0.763500 0.748144 0.732378 0.716209 0.699648 0.682702 0.665382 0.647697 0.629656 0.611270 0.592548 0.573501 0.554140 0.534474 0.514516 0.494275 0.473763 0.452991 0.431970 0.410713 0.389231 0.367535 0.345637 0.323551 0.301286 0.278857 0.256275 0.233553 0.210703 0.187737 0.164669 0.141511 
0.047068 0.070474 0.093869 0.117211 0.140485 0.163677 0.186775 0.209767 0.232641 0.255386 0.277989 0.300438 0.322721 0.344826 0.366740 0.388453 0.409952 0.431225 0.452262 0.473049 0.493577 0.513833 0.533806 0.553487 0.572863 0.591925 0.610662 0.629063 0.647118 0.664818 0.682153 0.699114 0.715690 0.731874 0.747655 0.763026 0.777978 0.792503 0.806592 0.820239 0.833435 0.846173 0.858447 0.870250 0.881575 0.892415 0.902766 0.912620 0.921974 0.930822 0.939158 0.946979 0.954279 0.961056 0.967305 0.973023 0.978207 0.982853 0.986960 0.990525 0.993546 0.996022 0.997950 0.999331 1.000163 1.000446 1.000180 0.999364 0.998000 0.996087 0.993628 0.990624 0.987075 0.982985 0.978354 0.973187 0.967485 0.961253 0.954492 0.947207 0.939403 0.931082 0.922251 0.912913 0.903074 0.892739 0.881914 0.870605 0.858818 0.846560 0.833837 0.820656 0.807025 0.792951 0.778441 0.763504 0.748148 0.732382 0.716213 0.699652 0.682706 0.665386 0.647701 0.629660 0.611273 0.592552 0.573505 0.554143 0.534478 0.514519 0.494278 0.473765 0.452993 0.431973 0.410715 0.389233 0.367537 0.345639 0.323552 0.301288 0.278858 0.256276 0.233554 0.210703 0.187738 0.164669 0.141511 0.118275 
0.070526 0.093887 0.117211 0.140477 0.163665 0.186762 0.209754 0.232628 0.255374 0.277977 0.300427 0.322711 0.344816 0.366731 0.388445 0.409944 0.431218 0.452255 0.473042 0.493570 0.513827 0.533801 0.553482 0.572858 0.591920 0.610657 0.629059 0.647114 0.664815 0.682150 0.699111 0.715688 0.731871 0.747653 0.763024 0.777976 0.792501 0.806591 0.820238 0.833434 0.846173 0.858447 0.870249 0.881574 0.892415 0.902766 0.912621 0.921975 0.930822 0.939159 0.946980 0.954281 0.961057 0.967307 0.973025 0.978208 0.982855 0.986962 0.990527 0.993548 0.996024 0.997953 0.999334 1.000166 1.000449 1.000182 0.999367 0.998003 0.996091 0.993632 0.990627 0.987079 0.982988 0.978358 0.973191 0.967489 0.961256 0.954496 0.947211 0.939407 0.931086 0.922255 0.912917 0.903078 0.892743 0.881918 0.870609 0.858822 0.846564 0.833841 0.820660 0.807029 0.792954 0.778445 0.763508 0.748152 0.732386 0.716217 0.699655 0.682710 0.665389 0.647704 0.629663 0.611277 0.592555 0.573508 0.554146 0.534480 0.514521 0.494280 0.473768 0.452996 0.431975 0.410717 0.389235 0.367538 0.345641 0.323554 0.301289 0.278860 0.256277 0.233555 0.210704 0.187738 0.164670 0.141511 0.118275 0.094975 
0.093926 0.117233 0.140485 0.163665 0.186757 0.209746 0.232620 0.255364 0.277968 0.300418 0.322702 0.344807 0.366723 0.388437 0.409937 0.431211 0.452248 0.473036 0.493564 0.513821 0.533795 0.553477 0.572854 0.591916 0.610653 0.629055 0.647111 0.664811 0.682147 0.699108 0.715685 0.731869 0.747651 0.763022 0.777974 0.792499 0.806589 0.820236 0.833433 0.846172 0.858446 0.870249 0.881574 0.892415 0.902766 0.912621 0.921975 0.930823 0.939159 0.946980 0.954281 0.961059 0.967308 0.973026 0.978210 0.982857 0.986964 0.990529 0.993550 0.996026 0.997955 0.999336 1.000168 1.000451 1.000185 0.999370 0.998006 0.996094 0.993635 0.990630 0.987082 0.982991 0.978361 0.973194 0.967492 0.961260 0.954499 0.947215 0.939410 0.931090 0.922258 0.912921 0.903082 0.892747 0.881922 0.870613 0.858826 0.846568 0.833845 0.820664 0.807033 0.792958 0.778449 0.763512 0.748156 0.732389 0.716221 0.699659 0.682713 0.665393 0.647707 0.629666 0.611280 0.592558 0.573511 0.554149 0.534483 0.514524 0.494283 0.473770 0.452998 0.431977 0.410719 0.389237 0.367540 0.345642 0.323555 0.301290 0.278861 0.256278 0.233555 0.210704 0.187738 0.164670 0.141511 0.118275 0.094974 0.071622 
0.117265 0.140507 0.163677 0.186762 0.209746 0.232617 0.255359 0.277962 0.300411 0.322694 0.344800 0.366716 0.388430 0.409930 0.431204 0.452241 0.473030 0.493558 0.513815 0.533790 0.553472 0.572849 0.591911 0.610649 0.629051 0.647107 0.664808 0.682144 0.699105 0.715682 0.731866 0.747648 0.763020 0.777972 0.792498 0.806588 0.820235 0.833432 0.846171 0.858445 0.870248 0.881573 0.892414 0.902765 0.912621 0.921975 0.930823 0.939160 0.946981 0.954282 0.961059 0.967309 0.973027 0.978211 0.982858 0.986965 0.990531 0.993552 0.996028 0.997957 0.999338 1.000171 1.000454 1.000188 0.999372 0.998008 0.996096 0.993637 0.990633 0.987085 0.982994 0.978364 0.973197 0.967496 0.961263 0.954503 0.947218 0.939414 0.931093 0.922262 0.912924 0.903085 0.892751 0.881926 0.870617 0.858830 0.846571 0.833848 0.820667 0.807036 0.792962 0.778452 0.763515 0.748159 0.732393 0.716224 0.699662 0.682716 0.665396 0.647710 0.629669 0.611283 0.592561 0.573514 0.554152 0.534486 0.514527 0.494285 0.473773 0.453000 0.431979 0.410721 0.389238 0.367542 0.345644 0.323556 0.301292 0.278862 0.256279 0.233556 0.210705 0.187739 0.164670 0.141511 0.118274 0.094974 0.071621 0.048230 
0.140533 0.163697 0.186775 0.209754 0.232620 0.255359 0.277960 0.300407 0.322690 0.344795 0.366710 0.388424 0.409924 0.431198 0.452236 0.473024 0.493553 0.513810 0.533785 0.553467 0.572844 0.591907 0.610644 0.629047 0.647103 0.664804 0.682140 0.699102 0.715679 0.731863 0.747646 0.763017 0.777970 0.792496 0.806586 0.820233 0.833430 0.846169 0.858444 0.870247 0.881573 0.892414 0.902765 0.912621 0.921975 0.930823 0.939160 0.946981 0.954283 0.961060 0.967310 0.973028 0.978212 0.982859 0.986967 0.990532 0.993554 0.996030 0.997959 0.999340 1.000173 1.000456 1.000190 0.999375 0.998011 0.996099 0.993640 0.990636 0.987087 0.982997 0.978367 0.973200 0.967499 0.961266 0.954506 0.947221 0.939417 0.931097 0.922265 0.912928 0.903089 0.892754 0.881929 0.870620 0.858833 0.846575 0.833852 0.820671 0.807040 0.792965 0.778456 0.763519 0.748163 0.732396 0.716227 0.699665 0.682720 0.665399 0.647713 0.629672 0.611286 0.592564 0.573516 0.554154 0.534488 0.514529 0.494287 0.473775 0.453002 0.431981 0.410723 0.389240 0.367543 0.345645 0.323558 0.301293 0.278863 0.256280 0.233556 0.210705 0.187739 0.164670 0.141511 0.118274 0.094973 0.071620 0.048229 0.024811 
0.163720 0.186793 0.209767 0.232628 0.255364 0.277962 0.300407 0.322688 0.344792 0.366707 0.388420 0.409919 0.431194 0.452231 0.473020 0.493548 0.513806 0.533781 0.553462 0.572840 0.591903 0.610641 0.629043 0.647100 0.664801 0.682137 0.699098 0.715676 0.731860 0.747643 0.763015 0.777968 0.792494 0.806584 0.820232 0.833429 0.846168 0.858443 0.870246 0.881572 0.892413 0.902765 0.912620 0.921975 0.930823 0.939160 0.946982 0.954283 0.961061 0.967310 0.973029 0.978213 0.982860 0.986968 0.990533 0.993555 0.996031 0.997961 0.999342 1.000174 1.000458 1.000192 0.999377 0.998013 0.996101 0.993642 0.990638 0.987090 0.983000 0.978370 0.973203 0.967502 0.961269 0.954509 0.947224 0.939420 0.931100 0.922268 0.912931 0.903092 0.892757 0.881932 0.870623 0.858837 0.846578 0.833855 0.820674 0.807043 0.792968 0.778459 0.763522 0.748166 0.732399 0.716230 0.699668 0.682723 0.665402 0.647716 0.629675 0.611288 0.592566 0.573519 0.554157 0.534491 0.514531 0.494290 0.473777 0.453004 0.431983 0.410725 0.389242 0.367545 0.345647 0.323559 0.301294 0.278863 0.256280 0.233557 0.210706 0.187739 0.164670 0.141510 0.118274 0.094972 0.071619 0.048228 0.024810 0.001378 
0.186813 0.209783 0.232641 0.255374 0.277968 0.300411 0.322690 0.344792 0.366706 0.388418 0.409917 0.431190 0.452227 0.473016 0.493544 0.513802 0.533777 0.553458 0.572836 0.591899 0.610637 0.629039 0.647096 0.664798 0.682134 0.699095 0.715673 0.731858 0.747640 0.763013 0.777966 0.792492 0.806582 0.820230 0.833427 0.846167 0.858442 0.870245 0.881571 0.892412 0.902764 0.912620 0.921974 0.930823 0.939160 0.946982 0.954283 0.961061 0.967311 0.973029 0.978214 0.982861 0.986969 0.990535 0.993556 0.996033 0.997962 0.999343 1.000176 1.000460 1.000194 0.999379 0.998015 0.996103 0.993645 0.990641 0.987092 0.983002 0.978373 0.973206 0.967504 0.961272 0.954512 0.947227 0.939423 0.931103 0.922271 0.912934 0.903095 0.892760 0.881935 0.870626 0.858840 0.846581 0.833858 0.820677 0.807046 0.792971 0.778462 0.763525 0.748169 0.732402 0.716233 0.699671 0.682725 0.665405 0.647719 0.629678 0.611291 0.592569 0.573521 0.554159 0.534493 0.514534 0.494292 0.473779 0.453006 0.431985 0.410727 0.389243 0.367546 0.345648 0.323560 0.301295 0.278864 0.256281 0.233557 0.210706 0.187739 0.164670 0.141510 0.118273 0.094972 0.071619 0.048226 0.024808 0.001377 -0.022055 
0.209801 0.232656 0.255386 0.277977 0.300418 0.322694 0.344795 0.366707 0.388418 0.409916 0.431189 0.452225 0.473013 0.493541 0.513798 0.533773 0.553455 0.572833 0.591896 0.610634 0.629036 0.647093 0.664794 0.682131 0.699093 0.715670 0.731855 0.747638 0.763010 0.777963 0.792489 0.806580 0.820228 0.833425 0.846165 0.858440 0.870244 0.881570 0.892412 0.902763 0.912619 0.921974 0.930823 0.939160 0.946982 0.954283 0.961061 0.967311 0.973030 0.978215 0.982862 0.986970 0.990536 0.993557 0.996034 0.997963 0.999345 1.000178 1.000461 1.000195 0.999381 0.998017 0.996105 0.993647 0.990643 0.987095 0.983005 0.978375 0.973208 0.967507 0.961274 0.954514 0.947230 0.939425 0.931105 0.922274 0.912937 0.903098 0.892763 0.881938 0.870629 0.858842 0.846584 0.833861 0.820680 0.807049 0.792974 0.778465 0.763528 0.748172 0.732405 0.716236 0.699674 0.682728 0.665407 0.647722 0.629680 0.611293 0.592571 0.573524 0.554161 0.534495 0.514536 0.494294 0.473781 0.453008 0.431986 0.410728 0.389245 0.367548 0.345649 0.323561 0.301295 0.278865 0.256282 0.233558 0.210706 0.187739 0.164670 0.141510 0.118273 0.094971 0.071618 0.048225 0.024807 0.001376 -0.022056 -0.045476 
0.232672 0.255400 0.277989 0.300427 0.322702 0.344800 0.366710 0.388420 0.409917 0.431189 0.452224 0.473012 0.493539 0.513796 0.533771 0.553452 0.572830 0.591893 0.610631 0.629033 0.647090 0.664792 0.682128 0.699090 0.715668 0.731853 0.747636 0.763008 0.777961 0.792487 0.806578 0.820226 0.833424 0.846164 0.858439 0.870243 0.881569 0.892411 0.902762 0.912618 0.921973 0.930822 0.939160 0.946981 0.954283 0.961061 0.967311 0.973030 0.978215 0.982863 0.986970 0.990536 0.993558 0.996035 0.997964 0.999346 1.000179 1.000463 1.000197 0.999382 0.998019 0.996107 0.993649 0.990645 0.987097 0.983007 0.978377 0.973210 0.967509 0.961277 0.954516 0.947232 0.939428 0.931108 0.922277 0.912939 0.903100 0.892766 0.881941 0.870632 0.858845 0.846587 0.833864 0.820683 0.807051 0.792977 0.778467 0.763530 0.748174 0.732407 0.716239 0.699677 0.682731 0.665410 0.647724 0.629683 0.611296 0.592573 0.573526 0.554164 0.534497 0.514538 0.494296 0.473783 0.453010 0.431988 0.410730 0.389246 0.367549 0.345650 0.323562 0.301296 0.278866 0.256282 0.233558 0.210706 0.187739 0.164669 0.141510 0.118272 0.094970 0.071617 0.048224 0.024806 0.001374 -0.022058 -0.045478 -0.068872 
0.255414 0.278002 0.300438 0.322711 0.344807 0.366716 0.388424 0.409919 0.431190 0.452225 0.473012 0.493539 0.513795 0.533769 0.553451 0.572828 0.591891 0.610628 0.629031 0.647088 0.664789 0.682126 0.699088 0.715665 0.731850 0.747633 0.763006 0.777959 0.792485 0.806577 0.820225 0.833422 0.846162 0.858438 0.870242 0.881568 0.892410 0.902761 0.912618 0.921973 0.930822 0.939159 0.946981 0.954283 0.961061 0.967311 0.973030 0.978215 0.982863 0.986971 0.990537 0.993559 0.996036 0.997965 0.999347 1.000180 1.000464 1.000198 0.999384 0.998020 0.996109 0.993650 0.990646 0.987098 0.983009 0.978379 0.973212 0.967511 0.961279 0.954519 0.947235 0.939430 0.931110 0.922279 0.912942 0.903103 0.892768 0.881944 0.870635 0.858848 0.846589 0.833866 0.820685 0.807054 0.792980 0.778470 0.763533 0.748177 0.732410 0.716241 0.699679 0.682733 0.665412 0.647726 0.629685 0.611298 0.592576 0.573528 0.554166 0.534499 0.514539 0.494297 0.473784 0.453011 0.431990 0.410731 0.389247 0.367550 0.345651 0.323563 0.301297 0.278866 0.256283 0.233559 0.210707 0.187739 0.164669 0.141509 0.118272 0.094970 0.071616 0.048223 0.024805 0.001373 -0.022060 -0.045479 -0.068874 -0.092230 
0.278015 0.300450 0.322721 0.344816 0.366723 0.388430 0.409924 0.431194 0.452227 0.473013 0.493539 0.513795 0.533769 0.553450 0.572827 0.591889 0.610627 0.629029 0.647086 0.664787 0.682124 0.699085 0.715663 0.731848 0.747631 0.763004 0.777957 0.792484 0.806575 0.820223 0.833421 0.846161 0.858436 0.870240 0.881566 0.892408 0.902761 0.912617 0.921972 0.930821 0.939159 0.946981 0.954283 0.961061 0.967311 0.973031 0.978215 0.982863 0.986971 0.990537 0.993560 0.996036 0.997966 0.999348 1.000181 1.000465 1.000199 0.999385 0.998021 0.996110 0.993652 0.990648 0.987100 0.983010 0.978381 0.973214 0.967513 0.961281 0.954521 0.947237 0.939432 0.931113 0.922281 0.912944 0.903105 0.892771 0.881946 0.870637 0.858850 0.846592 0.833869 0.820688 0.807057 0.792982 0.778472 0.763535 0.748179 0.732412 0.716243 0.699681 0.682735 0.665415 0.647729 0.629687 0.611300 0.592578 0.573530 0.554167 0.534501 0.514541 0.494299 0.473786 0.453013 0.431991 0.410732 0.389248 0.367551 0.345652 0.323564 0.301298 0.278867 0.256283 0.233559 0.210707 0.187739 0.164669 0.141509 0.118271 0.094969 0.071615 0.048222 0.024803 0.001371 -0.022061 -0.045481 -0.068876 -0.092232 -0.115537 
0.300462 0.322732 0.344826 0.366731 0.388437 0.409930 0.431198 0.452231 0.473016 0.493541 0.513796 0.533769 0.553450 0.572826 0.591888 0.610626 0.629028 0.647084 0.664786 0.682122 0.699084 0.715662 0.731847 0.747630 0.763002 0.777956 0.792482 0.806573 0.820221 0.833419 0.846159 0.858435 0.870239 0.881565 0.892407 0.902760 0.912616 0.921971 0.930820 0.939158 0.946980 0.954283 0.961061 0.967311 0.973031 0.978216 0.982863 0.986972 0.990538 0.993560 0.996037 0.997967 0.999349 1.000182 1.000466 1.000200 0.999386 0.998023 0.996111 0.993653 0.990649 0.987102 0.983012 0.978382 0.973216 0.967515 0.961283 0.954523 0.947239 0.939434 0.931115 0.922283 0.912946 0.903107 0.892773 0.881948 0.870639 0.858852 0.846594 0.833871 0.820690 0.807059 0.792984 0.778475 0.763538 0.748181 0.732415 0.716246 0.699684 0.682738 0.665417 0.647731 0.629689 0.611302 0.592580 0.573532 0.554169 0.534503 0.514543 0.494301 0.473787 0.453014 0.431992 0.410733 0.389249 0.367552 0.345653 0.323564 0.301298 0.278867 0.256283 0.233559 0.210707 0.187739 0.164669 0.141508 0.118271 0.094968 0.071614 0.048221 0.024802 0.001370 -0.022063 -0.045483 -0.068878 -0.092234 -0.115540 -0.138781 
0.322743 0.344836 0.366740 0.388445 0.409937 0.431204 0.452236 0.473020 0.493544 0.513798 0.533771 0.553451 0.572827 0.591888 0.610625 0.629027 0.647083 0.664784 0.682121 0.699082 0.715660 0.731845 0.747628 0.763001 0.777954 0.792480 0.806572 0.820220 0.833418 0.846158 0.858434 0.870238 0.881564 0.892406 0.902759 0.912615 0.921970 0.930820 0.939158 0.946980 0.954282 0.961060 0.967311 0.973030 0.978215 0.982863 0.986972 0.990538 0.993561 0.996037 0.997967 0.999349 1.000183 1.000467 1.000201 0.999387 0.998024 0.996113 0.993654 0.990651 0.987103 0.983013 0.978384 0.973217 0.967516 0.961284 0.954524 0.947240 0.939436 0.931116 0.922285 0.912948 0.903109 0.892775 0.881950 0.870641 0.858855 0.846596 0.833873 0.820692 0.807061 0.792987 0.778477 0.763540 0.748184 0.732417 0.716248 0.699686 0.682740 0.665419 0.647733 0.629691 0.611304 0.592581 0.573534 0.554171 0.534504 0.514544 0.494302 0.473789 0.453015 0.431993 0.410735 0.389250 0.367553 0.345654 0.323565 0.301299 0.278868 0.256284 0.233559 0.210707 0.187739 0.164669 0.141508 0.118270 0.094968 0.071613 0.048220 0.024801 0.001368 -0.022065 -0.045485 -0.068880 -0.092237 -0.115542 -0.138784 -0.161949 
0.344846 0.366750 0.388453 0.409944 0.431211 0.452241 0.473024 0.493548 0.513802 0.533773 0.553452 0.572828 0.591889 0.610626 0.629027 0.647083 0.664784 0.682120 0.699081 0.715659 0.731844 0.747627 0.762999 0.777953 0.792479 0.806570 0.820219 0.833416 0.846157 0.858432 0.870237 0.881563 0.892405 0.902758 0.912614 0.921970 0.930819 0.939157 0.946979 0.954282 0.961060 0.967311 0.973030 0.978215 0.982863 0.986972 0.990538 0.993561 0.996038 0.997968 0.999350 1.000183 1.000467 1.000202 0.999388 0.998025 0.996114 0.993655 0.990652 0.987104 0.983015 0.978385 0.973219 0.967518 0.961286 0.954526 0.947242 0.939438 0.931118 0.922287 0.912950 0.903111 0.892777 0.881952 0.870643 0.858857 0.846598 0.833875 0.820694 0.807063 0.792989 0.778479 0.763542 0.748186 0.732419 0.716250 0.699688 0.682741 0.665421 0.647735 0.629693 0.611306 0.592583 0.573535 0.554173 0.534506 0.514546 0.494304 0.473790 0.453017 0.431995 0.410736 0.389251 0.367554 0.345654 0.323566 0.301300 0.278868 0.256284 0.233559 0.210707 0.187739 0.164668 0.141508 0.118270 0.094967 0.071612 0.048219 0.024800 0.001367 -0.022066 -0.045487 -0.068882 -0.092239 -0.115545 -0.138787 -0.161952 -0.185028 
0.366760 0.388462 0.409952 0.431218 0.452248 0.473030 0.493553 0.513806 0.533777 0.553455 0.572830 0.591891 0.610627 0.629028 0.647083 0.664784 0.682120 0.699081 0.715658 0.731843 0.747626 0.762998 0.777952 0.792478 0.806569 0.820217 0.833415 0.846156 0.858431 0.870236 0.881562 0.892404 0.902757 0.912613 0.921969 0.930818 0.939156 0.946979 0.954281 0.961060 0.967310 0.973030 0.978215 0.982863 0.986972 0.990538 0.993561 0.996038 0.997968 0.999350 1.000184 1.000468 1.000203 0.999389 0.998025 0.996114 0.993656 0.990653 0.987105 0.983016 0.978387 0.973220 0.967519 0.961287 0.954527 0.947244 0.939440 0.931120 0.922289 0.912951 0.903113 0.892778 0.881954 0.870645 0.858858 0.846600 0.833877 0.820696 0.807065 0.792990 0.778481 0.763544 0.748187 0.732421 0.716252 0.699689 0.682743 0.665422 0.647736 0.629695 0.611307 0.592585 0.573537 0.554174 0.534507 0.514547 0.494305 0.473791 0.453018 0.431996 0.410737 0.389252 0.367555 0.345655 0.323566 0.301300 0.278869 0.256284 0.233560 0.210707 0.187739 0.164668 0.141507 0.118269 0.094966 0.071611 0.048218 0.024798 0.001365 -0.022068 -0.045489 -0.068884 -0.092241 -0.115547 -0.138789 -0.161955 -0.185031 -0.208005 
0.388471 0.409960 0.431225 0.452255 0.473036 0.493558 0.513810 0.533781 0.553458 0.572833 0.591893 0.610628 0.629029 0.647084 0.664784 0.682120 0.699081 0.715658 0.731843 0.747625 0.762998 0.777951 0.792477 0.806568 0.820216 0.833414 0.846155 0.858430 0.870235 0.881561 0.892403 0.902756 0.912613 0.921968 0.930817 0.939156 0.946978 0.954281 0.961059 0.967310 0.973030 0.978215 0.982863 0.986972 0.990538 0.993561 0.996038 0.997968 0.999351 1.000184 1.000468 1.000203 0.999389 0.998026 0.996115 0.993657 0.990654 0.987106 0.983017 0.978388 0.973221 0.967521 0.961289 0.954529 0.947245 0.939441 0.931121 0.922290 0.912953 0.903114 0.892780 0.881956 0.870647 0.858860 0.846602 0.833879 0.820698 0.807067 0.792992 0.778482 0.763545 0.748189 0.732422 0.716253 0.699691 0.682745 0.665424 0.647738 0.629696 0.611309 0.592586 0.573538 0.554175 0.534509 0.514549 0.494306 0.473792 0.453019 0.431997 0.410738 0.389253 0.367555 0.345656 0.323567 0.301300 0.278869 0.256284 0.233560 0.210707 0.187739 0.164668 0.141507 0.118268 0.094965 0.071611 0.048217 0.024797 0.001364 -0.022070 -0.045490 -0.068886 -0.092243 -0.115550 -0.138792 -0.161958 -0.185034 -0.208008 -0.230868 
0.409969 0.431233 0.452262 0.473042 0.493564 0.513815 0.533785 0.553462 0.572836 0.591896 0.610631 0.629031 0.647086 0.664786 0.682121 0.699081 0.715658 0.731843 0.747625 0.762997 0.777950 0.792476 0.806568 0.820216 0.833414 0.846154 0.858429 0.870234 0.881560 0.892403 0.902755 0.912612 0.921967 0.930817 0.939155 0.946978 0.954280 0.961059 0.967310 0.973029 0.978215 0.982863 0.986972 0.990538 0.993561 0.996038 0.997969 0.999351 1.000184 1.000469 1.000204 0.999390 0.998027 0.996116 0.993658 0.990655 0.987107 0.983018 0.978389 0.973222 0.967522 0.961290 0.954530 0.947246 0.939442 0.931123 0.922292 0.912954 0.903116 0.892782 0.881957 0.870648 0.858862 0.846603 0.833880 0.820700 0.807068 0.792994 0.778484 0.763547 0.748191 0.732424 0.716255 0.699693 0.682747 0.665426 0.647739 0.629698 0.611310 0.592588 0.573540 0.554177 0.534510 0.514550 0.494307 0.473794 0.453020 0.431998 0.410738 0.389254 0.367556 0.345656 0.323567 0.301301 0.278869 0.256285 0.233560 0.210707 0.187738 0.164667 0.141506 0.118268 0.094965 0.071610 0.048216 0.024796 0.001362 -0.022071 -0.045492 -0.068888 -0.092245 -0.115552 -0.138794 -0.161960 -0.185037 -0.208011 -0.230871 -0.253604 
0.431241 0.452269 0.473049 0.493570 0.513821 0.533790 0.553467 0.572840 0.591899 0.610634 0.629033 0.647088 0.664787 0.682122 0.699082 0.715659 0.731843 0.747625 0.762997 0.777950 0.792476 0.806567 0.820215 0.833413 0.846153 0.858429 0.870233 0.881559 0.892402 0.902754 0.912611 0.921967 0.930816 0.939154 0.946977 0.954280 0.961058 0.967309 0.973029 0.978214 0.982863 0.986971 0.990538 0.993561 0.996038 0.997969 0.999351 1.000185 1.000469 1.000204 0.999390 0.998027 0.996116 0.993659 0.990655 0.987108 0.983019 0.978390 0.973223 0.967523 0.961291 0.954531 0.947247 0.939444 0.931124 0.922293 0.912956 0.903117 0.892783 0.881958 0.870650 0.858863 0.846605 0.833882 0.820701 0.807070 0.792995 0.778486 0.763549 0.748192 0.732425 0.716256 0.699694 0.682748 0.665427 0.647741 0.629699 0.611312 0.592589 0.573541 0.554178 0.534511 0.514551 0.494308 0.473795 0.453021 0.431998 0.410739 0.389255 0.367557 0.345657 0.323568 0.301301 0.278869 0.256285 0.233560 0.210707 0.187738 0.164667 0.141506 0.118267 0.094964 0.071609 0.048215 0.024794 0.001361 -0.022073 -0.045494 -0.068890 -0.092248 -0.115554 -0.138797 -0.161963 -0.185040 -0.208014 -0.230874 -0.253607 -0.276200 
0.452276 0.473056 0.493577 0.513827 0.533795 0.553472 0.572844 0.591903 0.610637 0.629036 0.647090 0.664789 0.682124 0.699084 0.715660 0.731844 0.747626 0.762998 0.777950 0.792476 0.806567 0.820215 0.833413 0.846153 0.858428 0.870232 0.881559 0.892401 0.902754 0.912610 0.921966 0.930816 0.939154 0.946976 0.954279 0.961058 0.967309 0.973029 0.978214 0.982863 0.986971 0.990538 0.993561 0.996038 0.997969 0.999351 1.000185 1.000469 1.000205 0.999391 0.998028 0.996117 0.993659 0.990656 0.987109 0.983019 0.978390 0.973224 0.967524 0.961292 0.954532 0.947248 0.939445 0.931125 0.922294 0.912957 0.903119 0.892784 0.881960 0.870651 0.858864 0.846606 0.833883 0.820703 0.807071 0.792997 0.778487 0.763550 0.748194 0.732427 0.716258 0.699696 0.682749 0.665428 0.647742 0.629700 0.611313 0.592590 0.573542 0.554179 0.534512 0.514552 0.494309 0.473795 0.453022 0.431999 0.410740 0.389255 0.367557 0.345657 0.323568 0.301301 0.278869 0.256285 0.233560 0.210706 0.187738 0.164667 0.141505 0.118266 0.094963 0.071608 0.048213 0.024793 0.001360 -0.022074 -0.045496 -0.068892 -0.092250 -0.115557 -0.138799 -0.161966 -0.185043 -0.208018 -0.230878 -0.253611 -0.276204 -0.298645 
0.473063 0.493583 0.513833 0.533801 0.553477 0.572849 0.591907 0.610641 0.629039 0.647093 0.664792 0.682126 0.699085 0.715662 0.731845 0.747627 0.762998 0.777951 0.792476 0.806567 0.820215 0.833412 0.846152 0.858428 0.870232 0.881558 0.892401 0.902753 0.912610 0.921966 0.930815 0.939153 0.946976 0.954279 0.961057 0.967308 0.973028 0.978214 0.982862 0.986971 0.990538 0.993561 0.996038 0.997969 0.999351 1.000185 1.000470 1.000205 0.999391 0.998028 0.996117 0.993660 0.990656 0.987109 0.983020 0.978391 0.973225 0.967524 0.961293 0.954533 0.947249 0.939446 0.931126 0.922295 0.912958 0.903120 0.892785 0.881961 0.870652 0.858866 0.846608 0.833885 0.820704 0.807073 0.792998 0.778488 0.763551 0.748195 0.732428 0.716259 0.699697 0.682751 0.665430 0.647743 0.629702 0.611314 0.592591 0.573543 0.554180 0.534513 0.514553 0.494310 0.473796 0.453022 0.432000 0.410741 0.389256 0.367558 0.345658 0.323568 0.301302 0.278870 0.256285 0.233560 0.210706 0.187738 0.164666 0.141505 0.118266 0.094962 0.071607 0.048212 0.024792 0.001358 -0.022076 -0.045498 -0.068894 -0.092252 -0.115559 -0.138802 -0.161968 -0.185046 -0.208021 -0.230881 -0.253614 -0.276208 -0.298649 -0.320926 
0.493589 0.513839 0.533806 0.553482 0.572854 0.591911 0.610644 0.629043 0.647096 0.664794 0.682128 0.699088 0.715663 0.731847 0.747628 0.762999 0.777952 0.792477 0.806568 0.820215 0.833413 0.846152 0.858428 0.870232 0.881558 0.892401 0.902753 0.912610 0.921965 0.930815 0.939153 0.946976 0.954278 0.961057 0.967308 0.973028 0.978214 0.982862 0.986971 0.990538 0.993561 0.996038 0.997969 0.999351 1.000185 1.000470 1.000205 0.999391 0.998028 0.996118 0.993660 0.990657 0.987110 0.983021 0.978392 0.973226 0.967525 0.961293 0.954534 0.947250 0.939446 0.931127 0.922296 0.912959 0.903121 0.892786 0.881962 0.870653 0.858867 0.846609 0.833886 0.820705 0.807074 0.792999 0.778490 0.763553 0.748196 0.732429 0.716260 0.699698 0.682752 0.665431 0.647745 0.629703 0.611315 0.592592 0.573544 0.554181 0.534514 0.514554 0.494311 0.473797 0.453023 0.432001 0.410741 0.389256 0.367558 0.345658 0.323569 0.301302 0.278870 0.256285 0.233559 0.210706 0.187737 0.164666 0.141504 0.118265 0.094961 0.071606 0.048211 0.024791 0.001357 -0.022078 -0.045499 -0.068896 -0.092254 -0.115561 -0.138804 -0.161971 -0.185048 -0.208024 -0.230884 -0.253618 -0.276211 -0.298653 -0.320930 -0.343030 
0.513845 0.533812 0.553487 0.572858 0.591916 0.610649 0.629047 0.647100 0.664798 0.682131 0.699090 0.715665 0.731848 0.747630 0.763001 0.777953 0.792478 0.806568 0.820216 0.833413 0.846153 0.858428 0.870232 0.881558 0.892400 0.902753 0.912609 0.921965 0.930814 0.939153 0.946975 0.954278 0.961057 0.967308 0.973028 0.978213 0.982862 0.986971 0.990538 0.993561 0.996038 0.997969 0.999351 1.000185 1.000470 1.000205 0.999391 0.998029 0.996118 0.993660 0.990657 0.987110 0.983021 0.978392 0.973226 0.967526 0.961294 0.954535 0.947251 0.939447 0.931128 0.922297 0.912960 0.903122 0.892787 0.881963 0.870654 0.858868 0.846610 0.833887 0.820706 0.807075 0.793000 0.778491 0.763554 0.748197 0.732431 0.716261 0.699699 0.682753 0.665432 0.647746 0.629704 0.611316 0.592593 0.573545 0.554182 0.534515 0.514555 0.494312 0.473798 0.453024 0.432001 0.410742 0.389257 0.367558 0.345658 0.323569 0.301302 0.278870 0.256285 0.233559 0.210706 0.187737 0.164665 0.141503 0.118264 0.094960 0.071605 0.048210 0.024789 0.001355 -0.022079 -0.045501 -0.068898 -0.092256 -0.115563 -0.138807 -0.161974 -0.185051 -0.208027 -0.230887 -0.253621 -0.276215 -0.298656 -0.320934 -0.343034 -0.364946 
0.533818 0.553492 0.572863 0.591920 0.610653 0.629051 0.647103 0.664801 0.682134 0.699093 0.715668 0.731850 0.747631 0.763002 0.777954 0.792479 0.806569 0.820216 0.833414 0.846153 0.858428 0.870232 0.881558 0.892400 0.902753 0.912609 0.921965 0.930814 0.939152 0.946975 0.954278 0.961056 0.967307 0.973027 0.978213 0.982862 0.986970 0.990537 0.993560 0.996038 0.997969 0.999351 1.000185 1.000470 1.000205 0.999391 0.998029 0.996118 0.993661 0.990658 0.987111 0.983021 0.978393 0.973227 0.967526 0.961295 0.954535 0.947252 0.939448 0.931129 0.922298 0.912961 0.903122 0.892788 0.881964 0.870655 0.858869 0.846611 0.833888 0.820707 0.807076 0.793002 0.778492 0.763555 0.748199 0.732432 0.716263 0.699700 0.682754 0.665433 0.647747 0.629705 0.611317 0.592594 0.573546 0.554183 0.534516 0.514555 0.494313 0.473798 0.453024 0.432002 0.410742 0.389257 0.367559 0.345659 0.323569 0.301302 0.278870 0.256285 0.233559 0.210706 0.187737 0.164665 0.141503 0.118264 0.094960 0.071604 0.048209 0.024788 0.001354 -0.022081 -0.045503 -0.068899 -0.092258 -0.115565 -0.138809 -0.161976 -0.185054 -0.208029 -0.230890 -0.253624 -0.276218 -0.298660 -0.320938 -0.343038 -0.364950 -0.386661 
0.553497 0.572868 0.591925 0.610657 0.629055 0.647107 0.664804 0.682137 0.699095 0.715670 0.731853 0.747633 0.763004 0.777956 0.792480 0.806570 0.820217 0.833414 0.846154 0.858429 0.870232 0.881558 0.892401 0.902753 0.912609 0.921965 0.930814 0.939152 0.946975 0.954277 0.961056 0.967307 0.973027 0.978213 0.982861 0.986970 0.990537 0.993560 0.996038 0.997968 0.999351 1.000185 1.000470 1.000205 0.999391 0.998029 0.996118 0.993661 0.990658 0.987111 0.983022 0.978393 0.973227 0.967527 0.961295 0.954536 0.947252 0.939449 0.931129 0.922299 0.912962 0.903123 0.892789 0.881965 0.870656 0.858870 0.846612 0.833889 0.820708 0.807077 0.793002 0.778493 0.763556 0.748199 0.732433 0.716263 0.699701 0.682755 0.665434 0.647748 0.629706 0.611318 0.592595 0.573547 0.554184 0.534517 0.514556 0.494313 0.473799 0.453025 0.432002 0.410743 0.389258 0.367559 0.345659 0.323569 0.301302 0.278870 0.256285 0.233559 0.210705 0.187736 0.164664 0.141502 0.118263 0.094959 0.071603 0.048208 0.024787 0.001353 -0.022082 -0.045504 -0.068901 -0.092260 -0.115568 -0.138811 -0.161979 -0.185056 -0.208032 -0.230893 -0.253627 -0.276222 -0.298664 -0.320941 -0.343042 -0.364955 -0.386666 -0.408164 
0.572873 0.591930 0.610662 0.629059 0.647111 0.664808 0.682140 0.699098 0.715673 0.731855 0.747636 0.763006 0.777957 0.792482 0.806572 0.820219 0.833415 0.846155 0.858429 0.870233 0.881559 0.892401 0.902753 0.912609 0.921965 0.930814 0.939152 0.946975 0.954277 0.961056 0.967307 0.973027 0.978213 0.982861 0.986970 0.990537 0.993560 0.996038 0.997968 0.999351 1.000185 1.000470 1.000205 0.999391 0.998029 0.996119 0.993661 0.990658 0.987111 0.983022 0.978393 0.973227 0.967527 0.961296 0.954536 0.947253 0.939449 0.931130 0.922299 0.912962 0.903124 0.892790 0.881966 0.870657 0.858870 0.846612 0.833890 0.820709 0.807078 0.793003 0.778494 0.763557 0.748200 0.732433 0.716264 0.699702 0.682756 0.665435 0.647748 0.629707 0.611319 0.592596 0.573548 0.554185 0.534517 0.514557 0.494314 0.473800 0.453025 0.432003 0.410743 0.389258 0.367559 0.345659 0.323569 0.301302 0.278870 0.256284 0.233559 0.210705 0.187736 0.164664 0.141502 0.118262 0.094958 0.071602 0.048207 0.024786 0.001351 -0.022084 -0.045506 -0.068903 -0.092262 -0.115570 -0.138814 -0.161981 -0.185059 -0.208035 -0.230896 -0.253631 -0.276225 -0.298667 -0.320945 -0.343046 -0.364959 -0.386670 -0.408169 -0.429443 
0.591934 0.610666 0.629063 0.647114 0.664811 0.682144 0.699102 0.715676 0.731858 0.747638 0.763008 0.777959 0.792484 0.806573 0.820220 0.833416 0.846156 0.858430 0.870234 0.881559 0.892401 0.902753 0.912610 0.921965 0.930814 0.939152 0.946975 0.954277 0.961056 0.967307 0.973027 0.978212 0.982861 0.986970 0.990537 0.993560 0.996038 0.997968 0.999351 1.000185 1.000470 1.000205 0.999392 0.998029 0.996119 0.993661 0.990658 0.987111 0.983022 0.978394 0.973228 0.967527 0.961296 0.954537 0.947253 0.939450 0.931130 0.922300 0.912963 0.903125 0.892790 0.881966 0.870658 0.858871 0.846613 0.833890 0.820710 0.807078 0.793004 0.778494 0.763557 0.748201 0.732434 0.716265 0.699703 0.682757 0.665436 0.647749 0.629707 0.611320 0.592597 0.573548 0.554185 0.534518 0.514557 0.494314 0.473800 0.453026 0.432003 0.410743 0.389258 0.367560 0.345659 0.323569 0.301302 0.278870 0.256284 0.233558 0.210705 0.187735 0.164663 0.141501 0.118261 0.094957 0.071601 0.048206 0.024784 0.001350 -0.022085 -0.045508 -0.068905 -0.092264 -0.115572 -0.138816 -0.161983 -0.185062 -0.208038 -0.230899 -0.253634 -0.276228 -0.298671 -0.320949 -0.343050 -0.364963 -0.386675 -0.408173 -0.429448 -0.450486 
0.610670 0.629067 0.647118 0.664815 0.682147 0.699105 0.715679 0.731860 0.747640 0.763010 0.777961 0.792485 0.806575 0.820221 0.833418 0.846157 0.858431 0.870235 0.881560 0.892402 0.902754 0.912610 0.921965 0.930814 0.939152 0.946975 0.954277 0.961056 0.967307 0.973027 0.978212 0.982861 0.986970 0.990537 0.993560 0.996037 0.997968 0.999351 1.000185 1.000470 1.000205 0.999392 0.998029 0.996119 0.993661 0.990658 0.987111 0.983022 0.978394 0.973228 0.967528 0.961296 0.954537 0.947254 0.939450 0.931131 0.922300 0.912963 0.903125 0.892791 0.881967 0.870658 0.858872 0.846614 0.833891 0.820710 0.807079 0.793005 0.778495 0.763558 0.748202 0.732435 0.716266 0.699704 0.682757 0.665436 0.647750 0.629708 0.611320 0.592597 0.573549 0.554186 0.534518 0.514558 0.494315 0.473801 0.453026 0.432004 0.410744 0.389258 0.367560 0.345659 0.323570 0.301302 0.278870 0.256284 0.233558 0.210704 0.187735 0.164663 0.141500 0.118261 0.094956 0.071600 0.048205 0.024783 0.001349 -0.022087 -0.045509 -0.068906 -0.092266 -0.115574 -0.138818 -0.161986 -0.185064 -0.208040 -0.230902 -0.253637 -0.276231 -0.298674 -0.320952 -0.343054 -0.364967 -0.386679 -0.408178 -0.429452 -0.450491 -0.471281 
0.629070 0.647122 0.664818 0.682150 0.699108 0.715682 0.731863 0.747643 0.763013 0.777963 0.792487 0.806577 0.820223 0.833419 0.846158 0.858432 0.870236 0.881561 0.892403 0.902754 0.912610 0.921966 0.930815 0.939153 0.946975 0.954277 0.961056 0.967307 0.973027 0.978212 0.982861 0.986970 0.990537 0.993560 0.996037 0.997968 0.999351 1.000185 1.000470 1.000205 0.999392 0.998029 0.996119 0.993661 0.990658 0.987112 0.983023 0.978394 0.973228 0.967528 0.961297 0.954537 0.947254 0.939450 0.931131 0.922301 0.912964 0.903126 0.892792 0.881967 0.870659 0.858872 0.846614 0.833892 0.820711 0.807080 0.793005 0.778496 0.763559 0.748203 0.732436 0.716267 0.699704 0.682758 0.665437 0.647751 0.629709 0.611321 0.592598 0.573549 0.554186 0.534519 0.514558 0.494315 0.473801 0.453027 0.432004 0.410744 0.389259 0.367560 0.345660 0.323570 0.301302 0.278869 0.256284 0.233558 0.210704 0.187734 0.164662 0.141500 0.118260 0.094955 0.071599 0.048204 0.024782 0.001347 -0.022088 -0.045511 -0.068908 -0.092267 -0.115576 -0.138820 -0.161988 -0.185067 -0.208043 -0.230905 -0.253640 -0.276235 -0.298677 -0.320956 -0.343058 -0.364971 -0.386683 -0.408182 -0.429457 -0.450495 -0.471286 -0.491817 
0.647125 0.664822 0.682153 0.699111 0.715685 0.731866 0.747646 0.763015 0.777966 0.792489 0.806578 0.820225 0.833421 0.846159 0.858434 0.870237 0.881562 0.892403 0.902755 0.912611 0.921966 0.930815 0.939153 0.946975 0.954278 0.961056 0.967307 0.973027 0.978212 0.982861 0.986970 0.990537 0.993560 0.996037 0.997968 0.999351 1.000185 1.000470 1.000205 0.999392 0.998029 0.996119 0.993661 0.990658 0.987112 0.983023 0.978394 0.973228 0.967528 0.961297 0.954538 0.947254 0.939451 0.931131 0.922301 0.912964 0.903126 0.892792 0.881968 0.870659 0.858873 0.846615 0.833892 0.820712 0.807080 0.793006 0.778496 0.763559 0.748203 0.732436 0.716267 0.699705 0.682759 0.665437 0.647751 0.629709 0.611322 0.592598 0.573550 0.554187 0.534519 0.514559 0.494316 0.473801 0.453027 0.432004 0.410744 0.389259 0.367560 0.345660 0.323570 0.301302 0.278869 0.256284 0.233558 0.210704 0.187734 0.164662 0.141499 0.118259 0.094955 0.071598 0.048203 0.024781 0.001346 -0.022089 -0.045512 -0.068910 -0.092269 -0.115578 -0.138822 -0.161990 -0.185069 -0.208046 -0.230908 -0.253642 -0.276238 -0.298681 -0.320959 -0.343061 -0.364975 -0.386687 -0.408186 -0.429461 -0.450500 -0.471291 -0.491822 -0.512083 
0.664825 0.682157 0.699114 0.715688 0.731869 0.747648 0.763017 0.777968 0.792492 0.806580 0.820226 0.833422 0.846161 0.858435 0.870238 0.881563 0.892404 0.902756 0.912612 0.921967 0.930816 0.939153 0.946976 0.954278 0.961056 0.967307 0.973027 0.978212 0.982861 0.986970 0.990537 0.993560 0.996037 0.997968 0.999351 1.000185 1.000470 1.000205 0.999392 0.998029 0.996119 0.993661 0.990659 0.987112 0.983023 0.978394 0.973228 0.967528 0.961297 0.954538 0.947254 0.939451 0.931132 0.922301 0.912964 0.903126 0.892792 0.881968 0.870660 0.858873 0.846615 0.833893 0.820712 0.807081 0.793007 0.778497 0.763560 0.748204 0.732437 0.716268 0.699706 0.682759 0.665438 0.647752 0.629710 0.611322 0.592599 0.573550 0.554187 0.534520 0.514559 0.494316 0.473802 0.453027 0.432004 0.410744 0.389259 0.367560 0.345660 0.323570 0.301302 0.278869 0.256283 0.233557 0.210703 0.187733 0.164661 0.141498 0.118258 0.094954 0.071597 0.048202 0.024780 0.001345 -0.022091 -0.045514 -0.068912 -0.092271 -0.115580 -0.138824 -0.161992 -0.185071 -0.208048 -0.230910 -0.253645 -0.276241 -0.298684 -0.320963 -0.343065 -0.364978 -0.386691 -0.408190 -0.429466 -0.450505 -0.471296 -0.491827 -0.512088 -0.532068 
0.682159 0.699117 0.715690 0.731871 0.747651 0.763020 0.777970 0.792494 0.806582 0.820228 0.833424 0.846162 0.858436 0.870239 0.881564 0.892405 0.902757 0.912613 0.921967 0.930816 0.939154 0.946976 0.954278 0.961057 0.967307 0.973027 0.978213 0.982861 0.986970 0.990537 0.993560 0.996037 0.997968 0.999351 1.000185 1.000470 1.000205 0.999391 0.998029 0.996119 0.993661 0.990659 0.987112 0.983023 0.978394 0.973229 0.967528 0.961297 0.954538 0.947255 0.939451 0.931132 0.922302 0.912965 0.903127 0.892793 0.881969 0.870660 0.858874 0.846616 0.833893 0.820712 0.807081 0.793007 0.778497 0.763560 0.748204 0.732437 0.716268 0.699706 0.682760 0.665439 0.647752 0.629710 0.611322 0.592599 0.573551 0.554188 0.534520 0.514559 0.494316 0.473802 0.453028 0.432005 0.410744 0.389259 0.367560 0.345660 0.323569 0.301302 0.278869 0.256283 0.233557 0.210703 0.187733 0.164660 0.141498 0.118258 0.094953 0.071596 0.048200 0.024779 0.001343 -0.022092 -0.045515 -0.068913 -0.092273 -0.115581 -0.138826 -0.161995 -0.185074 -0.208051 -0.230913 -0.253648 -0.276244 -0.298687 -0.320966 -0.343068 -0.364982 -0.386695 -0.408195 -0.429470 -0.450509 -0.471300 -0.491832 -0.512094 -0.532073 -0.551760 
0.699119 0.715693 0.731874 0.747653 0.763022 0.777972 0.792496 0.806584 0.820230 0.833425 0.846164 0.858438 0.870240 0.881565 0.892406 0.902758 0.912613 0.921968 0.930817 0.939154 0.946976 0.954279 0.961057 0.967308 0.973027 0.978213 0.982861 0.986970 0.990537 0.993560 0.996037 0.997968 0.999351 1.000185 1.000470 1.000205 0.999391 0.998029 0.996119 0.993661 0.990659 0.987112 0.983023 0.978394 0.973229 0.967529 0.961297 0.954538 0.947255 0.939451 0.931132 0.922302 0.912965 0.903127 0.892793 0.881969 0.870661 0.858874 0.846616 0.833893 0.820713 0.807082 0.793007 0.778498 0.763561 0.748205 0.732438 0.716269 0.699706 0.682760 0.665439 0.647753 0.629711 0.611323 0.592600 0.573551 0.554188 0.534521 0.514560 0.494317 0.473802 0.453028 0.432005 0.410745 0.389259 0.367560 0.345660 0.323569 0.301302 0.278869 0.256283 0.233557 0.210702 0.187733 0.164660 0.141497 0.118257 0.094952 0.071595 0.048199 0.024778 0.001342 -0.022093 -0.045517 -0.068915 -0.092275 -0.115583 -0.138828 -0.161997 -0.185076 -0.208053 -0.230915 -0.253651 -0.276246 -0.298690 -0.320969 -0.343072 -0.364985 -0.386698 -0.408198 -0.429474 -0.450513 -0.471305 -0.491837 -0.512098 -0.532078 -0.551766 -0.571149 
